0.02 -659.0089305240064 0.1846179205874637 0.1402107573907085 -0.1571992239669321 707.520787239175 0
0.04 -746.8531502872144 0.1972004618057356 0.1751187229546805 -1.702480377614239 1508.151581752886 0
0.06 -802.7443058641472 0.198297051980918 0.2323192673188906 -3.417341688216457 2215.323697543658 0
0.08 -847.5755146972807 0.1944385978972407 0.3167988106582997 -4.905952141350434 2780.967352987276 0
0.1 -888.2769456405446 0.1874725640113479 0.4259911893523922 -6.077439818571712 3201.434152494293 0
0.12 -927.2285836657711 0.1777525594778531 0.5548494928667409 -6.934563296223848 3486.890618253041 0
0.14 -965.3168211858838 0.1652073081309395 0.6978937376854379 -7.506860773543568 3651.345891963097 0
0.16 -1002.927386920994 0.1496926229425023 0.8499701054638774 -7.829621462915537 3709.394878523981 0
0.18 -1040.268633187173 0.1311011261609988 1.006495128902907 -7.937467563466228 3675.154463597024 0
0.2 -1077.477619734631 0.1093905725825792 1.16350409884706 -7.862547159835801 3561.92222533311 0
0.22 -1114.655738595054 0.08458533158266462 1.317629235541275 -7.634161003462235 3382.077972590279 0
0.24 -1151.881441957981 0.05676951475968404 1.466055236734864 -7.278821672163886 3147.070291960474 0
0.26 -1189.215478267948 0.02607798027611545 1.606469665695532 -6.820432142210348 2867.435027629252 0
0.28 -1226.703624333081 -0.007312721983153741 1.737014307359975 -6.280487400816579 2552.826922696507 0
0.3 -1264.378529674313 -0.04319281553805052 1.85623946014034 -5.678270416916313 2212.057087302047 0
0.32 -1302.261199437393 -0.08132700192436169 1.963061640107342 -5.031034678016026 1853.132946924359 0
0.34 -1340.362290400591 -0.1214613928142683 2.056724657096769 -4.354171775032015 1483.298860118219 0
0.36 -1378.683281275225 -0.1633297078254072 2.13676385358956 -3.661364312223709 1109.076299152539 0
0.3800000000000001 -1417.217542021052 -0.2066587895110591 2.202973251151882 -2.964724904854426 736.3028869689479 0
0.4000000000000001 -1455.951315088674 -0.2511734880177506 2.255375345865132 -2.274922164435608 370.1698537668678 0
0.4200000000000001 -1494.864617530041 -0.2966009649309894 2.294193305840318 -1.601294630307818 15.25767595561386 0
0.4400000000000001 -1533.932071383405 -0.342674461783926 2.319825341148866 -0.9519536487615063 -324.430188068704 0
0.4600000000000001 -1573.123668923608 -0.3891365745484419 2.33282103603071 -0.333876233424622 -645.435436303724 0
0.4800000000000001 -1612.405478739956 -0.4357420715201938 2.333859453775663 0.24701104117459 -944.8148229384486 0
0.5000000000000001 -1651.74029800994 -0.4822602884512636 2.323728845541594 0.785756061179002 -1220.111648886044 0
0.5200000000000001 -1691.088255744629 -0.5284771316292547 2.303307815090437 1.278312077985022 -1469.328636224167 0
0.5400000000000001 -1730.407371192605 -0.5741967168428448 2.273547811576535 1.721474502263739 -1690.901961473861 0
0.5600000000000002 -1769.654071016039 -0.6192426698039506 2.235456841753211 2.112822648901739 -1883.676219144145 0
0.5800000000000002 -1808.783668306902 -0.6634591116037865 2.19008431096596 2.450665563460717 -2046.880095070545 0
0.6000000000000002 -1847.750806003552 -0.70671135112142 2.138506918830032 2.733991140513246 -2180.102546245014 0
0.6200000000000002 -1886.509866806251 -0.748886304965352 2.08181555036121 2.962417831763414 -2283.269307611062 0
0.6400000000000002 -1925.015351280112 -0.7898926644654773 2.021103116418558 3.136148333978311 -2356.61957475675 0
0.6600000000000003 -1963.222225478257 -0.8296608284129458 1.957453308557718 3.255924740996675 -2400.682742684342 0
0.6800000000000003 -2001.086239118964 -0.8681426196322345 1.89193024276729 3.322984737761026 -2416.255113460641 0
0.7000000000000003 -2038.564215107116 -0.9053108030264782 1.825568974095967 3.339018505588542 -2404.376518260457 0
0.7200000000000003 -2075.614311001296 -0.9411584224236095 1.759366869939493 3.306126094952398 -2366.306831032638 0
0.7400000000000003 -2112.196252890486 -0.9756979733404214 1.6942758338417 3.226775103422604 -2303.502380965296 0
0.7600000000000003 -2148.271542055095 -1.008960428635215 1.631195374193659 3.103758571158205 -2217.592298404422 0
0.7800000000000004 -2183.803634741219 -1.040994133911123 1.570966513330237 2.940153073555685 -2110.354853415063 0
0.8000000000000004 -2218.758095370956 -1.071863589434739 1.514366532377814 2.739277049846101 -1983.6938674115 0
0.8200000000000004 -2253.102723538741 -1.101648135222117 1.462104545963392 2.504649457271098 -1839.61529602126 0
0.8400000000000004 -2286.80765520052 -1.130440555800831 1.414817898720023 2.239948882892117 -1680.204095449954 0
0.8600000000000004 -2319.84543854273 -1.158345620961433 1.373069372584135 1.948973279107344 -1507.60149509756 0
0.8800000000000004 -2352.19108511661 -1.185478578552797 1.337345190340744 1.635600514857136 -1323.982806108159 0
0.9000000000000005 -2383.822096936432 -1.211963615041703 1.308053796891187 1.303749952631931 -1131.535899012016 0
0.9200000000000005 -2414.718470361214 -1.237932299143894 1.285525395446335 0.9573452721249721 -932.4404839056747 0
0.9400000000000005 -2444.86267770626 -1.263522023330262 1.270012211426293 0.6002787653818802 -728.8483238713292 0
0.9600000000000005 -2474.239627657172 -1.288874457424418 1.261689452406072 0.2363773260155143 -522.8645068960162 0
0.9800000000000005 -2502.836605683379 -1.314134027830455 1.260656928102641 -0.130629652748231 -316.5298936565843 0
1 -2530.643195765291 -1.339446435169173 1.266941290257479 -0.4971402691986017 -111.8048485477297 0
